24 31
19 23 0 14 10 20 28 26 20 24 15 24 1 0 12 13 11 24 5 15 6 16 27 29 
23 3 28 10 28 21 27 6 8 17 4 20 26 24 17 21 12 9 4 5 8 4 15 19 
0 28 15 9 25 28 15 10 22 11 11 19 21 8 8 15 12 14 2 17 3 28 10 18 
14 10 9 16 20 25 18 26 2 20 8 22 3 15 16 0 29 24 23 9 4 9 0 10 
10 28 25 20 17 15 22 29 15 6 1 10 15 18 27 4 12 12 28 15 2 6 4 5 
20 21 28 25 15 21 18 5 19 11 26 29 13 5 27 21 22 9 10 21 25 17 20 4 
28 27 15 18 22 18 1 7 29 5 18 11 3 2 11 7 4 16 28 22 19 15 0 15 
26 6 10 26 29 5 7 11 13 18 7 1 9 16 11 28 8 28 16 13 27 21 9 0 
20 8 22 2 15 19 29 13 8 18 1 8 29 8 12 12 3 3 30 18 3 12 29 14 
24 17 11 20 6 11 5 18 18 30 3 15 6 18 25 4 26 20 18 6 17 8 16 15 
15 4 11 8 1 26 18 7 1 3 17 3 16 25 0 22 5 10 25 6 9 11 8 19 
24 20 19 22 10 29 11 1 8 15 3 9 22 18 11 5 25 29 30 27 24 19 14 0 
1 26 21 3 15 13 3 9 29 6 16 22 3 20 14 18 4 15 3 28 13 25 2 24 
0 24 8 15 18 5 2 16 8 18 25 18 20 18 8 0 29 16 20 5 6 7 16 11 
12 17 8 16 27 27 11 11 12 25 0 11 14 8 30 12 8 26 4 25 7 2 29 26 
13 21 15 0 4 21 7 28 12 4 22 5 18 0 12 16 14 30 0 18 27 14 10 27 
11 12 12 29 12 22 4 8 3 26 5 25 4 29 8 14 5 26 3 3 24 19 23 28 
24 9 14 24 12 9 16 28 3 20 10 29 15 16 26 30 26 23 29 13 1 26 24 9 
5 4 2 23 28 10 28 16 30 18 25 30 3 20 4 0 3 29 20 28 2 27 30 0 
15 5 17 9 15 21 22 13 18 6 6 27 28 5 25 18 3 13 28 22 13 14 20 11 
6 8 3 4 2 25 19 27 3 17 9 24 13 6 7 27 24 1 2 13 30 14 23 8 
16 4 28 9 6 17 15 21 12 8 11 19 25 7 2 14 19 26 27 14 14 11 28 3 
27 15 10 0 4 20 0 9 29 16 8 14 2 16 29 10 23 24 30 20 23 28 14 30 
29 19 18 10 5 4 15 0 14 15 19 0 24 11 26 27 28 9 0 11 8 3 30 26 
